function [velo] = get_BF_velocity(crankAngle)
    % crank angles data is 1 column matrix
    %  bf velocity data is 1 column matrix

    data = [1	0.034414523
        2	0.034414523
        3	0.032315982
        4	0.030240834
        5	0.028189358
        6	0.026161815
        7	0.024158449
        8	0.022179493
        9	0.020225162
        10	0.018295659
        11	0.016391171
        12	0.014511873
        13	0.012657925
        14	0.010829477
        15	0.009026662
        16	0.007249603
        17	0.005498412
        18	0.003773186
        19	0.002074014
        20	0.00040097
        21	-0.001245879
        22	-0.002866481
        23	-0.004460791
        24	-0.006028776
        25	-0.007570413
        26	-0.009085686
        27	-0.010574593
        28	-0.012037137
        29	-0.013473332
        30	-0.0148832
        31	-0.016266772
        32	-0.017624086
        33	-0.018955189
        34	-0.020260136
        35	-0.021538988
        36	-0.022791813
        37	-0.02401869
        38	-0.025219699
        39	-0.02639493
        40	-0.02754448
        41	-0.02866845
        42	-0.029766948
        43	-0.030840087
        44	-0.031887987
        45	-0.032910773
        46	-0.033908573
        47	-0.034881522
        48	-0.035829761
        49	-0.036753432
        50	-0.037652685
        51	-0.038527672
        52	-0.039378549
        53	-0.040205477
        54	-0.04100862
        55	-0.041788147
        56	-0.042544228
        57	-0.043277039
        58	-0.043986756
        59	-0.04467356
        60	-0.045337634
        61	-0.045979164
        62	-0.046598339
        63	-0.047195349
        64	-0.047770387
        65	-0.048323649
        66	-0.04885533
        67	-0.04936563
        68	-0.049854749
        69	-0.05032289
        70	-0.050770254
        71	-0.051197048
        72	-0.051603477
        73	-0.051989748
        74	-0.052356069
        75	-0.052702648
        76	-0.053029695
        77	-0.053337421
        78	-0.053626036
        79	-0.05389575
        80	-0.054146777
        81	-0.054379327
        82	-0.054593612
        83	-0.054789845
        84	-0.054968237
        85	-0.055129
        86	-0.055272346
        87	-0.055398487
        88	-0.055507634
        89	-0.055599997
        90	-0.055675786
        91	-0.055735212
        92	-0.055778484
        93	-0.055805809
        94	-0.055817396
        95	-0.055813451
        96	-0.05579418
        97	-0.05575979
        98	-0.055710482
        99	-0.055646462
        100	-0.05556793
        101	-0.055475087
        102	-0.055368134
        103	-0.055247268
        104	-0.055112687
        105	-0.054964587
        106	-0.054803162
        107	-0.054628606
        108	-0.054441109
        109	-0.054240863
        110	-0.054028057
        111	-0.053802876
        112	-0.053565509
        113	-0.053316137
        114	-0.053054945
        115	-0.052782113
        116	-0.052497821
        117	-0.052202246
        118	-0.051895564
        119	-0.05157795
        120	-0.051249577
        121	-0.050910615
        122	-0.050561233
        123	-0.0502016
        124	-0.049831881
        125	-0.04945224
        126	-0.049062839
        127	-0.04866384
        128	-0.0482554
        129	-0.047837677
        130	-0.047410826
        131	-0.046975001
        132	-0.046530353
        133	-0.046077033
        134	-0.045615189
        135	-0.045144967
        136	-0.044666514
        137	-0.044179971
        138	-0.04368548
        139	-0.043183181
        140	-0.042673213
        141	-0.042155712
        142	-0.041630813
        143	-0.041098648
        144	-0.040559351
        145	-0.040013051
        146	-0.039459876
        147	-0.038899953
        148	-0.038333409
        149	-0.037760367
        150	-0.03718095
        151	-0.036595279
        152	-0.036003473
        153	-0.035405652
        154	-0.034801932
        155	-0.034192429
        156	-0.033577257
        157	-0.032956529
        158	-0.032330358
        159	-0.031698854
        160	-0.031062127
        161	-0.030420285
        162	-0.029773436
        163	-0.029121687
        164	-0.028465141
        165	-0.027803904
        166	-0.02713808
        167	-0.02646777
        168	-0.025793076
        169	-0.0251141
        170	-0.024430941
        171	-0.023743698
        172	-0.023052471
        173	-0.022357357
        174	-0.021658453
        175	-0.020955857
        176	-0.020249665
        177	-0.019539971
        178	-0.018826873
        179	-0.018110464
        180	-0.01739084
        181	-0.016668094
        182	-0.015942321
        183	-0.015213615
        184	-0.014482069
        185	-0.013747776
        186	-0.013010831
        187	-0.012271326
        188	-0.011529355
        189	-0.010785012
        190	-0.01003839
        191	-0.009289584
        192	-0.008538686
        193	-0.007785792
        194	-0.007030996
        195	-0.006274393
        196	-0.005516079
        197	-0.004756148
        198	-0.003994698
        199	-0.003231825
        200	-0.002467626
        201	-0.0017022
        202	-0.000935646
        203	-0.000168062
        204	0.000600451
        205	0.001369791
        206	0.002139858
        207	0.002910547
        208	0.003681756
        209	0.004453379
        210	0.005225311
        211	0.005997445
        212	0.006769672
        213	0.007541884
        214	0.008313969
        215	0.009085816
        216	0.009857312
        217	0.010628342
        218	0.011398791
        219	0.012168541
        220	0.012937473
        221	0.013705468
        222	0.014472402
        223	0.015238154
        224	0.016002597
        225	0.016765604
        226	0.017527048
        227	0.018286798
        228	0.019044722
        229	0.019800686
        230	0.020554555
        231	0.021306189
        232	0.022055451
        233	0.022802199
        234	0.023546288
        235	0.024287574
        236	0.025025909
        237	0.025761143
        238	0.026493124
        239	0.027221699
        240	0.027946711
        241	0.028668002
        242	0.029385412
        243	0.030098778
        244	0.030807934
        245	0.031512715
        246	0.032212949
        247	0.032908466
        248	0.033599091
        249	0.034284647
        250	0.034964956
        251	0.035639836
        252	0.036309104
        253	0.036972573
        254	0.037630056
        255	0.03828136
        256	0.038926293
        257	0.039564659
        258	0.04019626
        259	0.040820894
        260	0.04143836
        261	0.04204845
        262	0.042650958
        263	0.043245671
        264	0.043832379
        265	0.044410865
        266	0.044980911
        267	0.045542297
        268	0.0460948
        269	0.046638195
        270	0.047172255
        271	0.04769675
        272	0.048211448
        273	0.048716113
        274	0.049210509
        275	0.049694397
        276	0.050167535
        277	0.050629679
        278	0.051080583
        279	0.05152
        280	0.051947677
        281	0.052363364
        282	0.052766805
        283	0.053157743
        284	0.05353592
        285	0.053901074
        286	0.054252943
        287	0.054591261
        288	0.054915764
        289	0.055226181
        290	0.055522242
        291	0.055803677
        292	0.05607021
        293	0.056321567
        294	0.056557471
        295	0.056777643
        296	0.056981803
        297	0.057169671
        298	0.057340964
        299	0.057495398
        300	0.057632688
        301	0.057752548
        302	0.057854691
        303	0.057938829
        304	0.058004673
        305	0.058051933
        306	0.058080319
        307	0.058089539
        308	0.058079303
        309	0.058049317
        310	0.05799929
        311	0.05792893
        312	0.057837942
        313	0.057726034
        314	0.057592914
        315	0.057438289
        316	0.057261866
        317	0.057063353
        318	0.05684246
        319	0.056598894
        320	0.056332365
        321	0.056042585
        322	0.055729265
        323	0.055392118
        324	0.055030857
        325	0.054645198
        326	0.054234858
